{
  "x": 782.6666870117188,
  "y": 1352.9666748046875,
  "width": 331.6666564941406,
  "height": 47.816680908203125
}