{
  "x": 782.6666870117188,
  "y": 861.7999877929688,
  "width": 331.6666564941406,
  "height": 47.81666564941406
}