{
  "height": 48,
  "width": 332,
  "x": 766.15625,
  "y": 1202.671875
}